612;50098
791;27125
731;46287
767;67364
743;71586
683;66213
1841;102287
3045;60261
2561;164595
719;74033
5702;280961
2819;203036
695;62058
707;44825
1222;94890
2435;134397
755;53084
779;156284
543;71224
6616;35423
524;32621
561;27344
497;31588
943;25435
3394;63879
5176;30804
5656;34471
5218;38539
4361;63238
2733;127361
6161;562902
6262;100839
3077;83077
6117;61088
2848;421200
4497;156531
3590;190508
2985;265498
5917;127059
3004;101740
3917;200336
2890;522174
6343;6161251
3034;507824
5374;276736
2867;441252
2753;187527
2928;311267
3023;79797
3610;1283052
2947;995408
2909;290593
2966;133739
3651;293401
3853;132605
6138;760249
3621;46376
6600;51881
5190;196980
4294;46522
4270;35237
6583;144017
6275;143658
5393;47192
2604;45503
2411;83456
3950;39675
146;26984
140;23420
3969;39893
113;28140
74;26170
154;22556
126;24476
1465;68582
1377;633878
1364;47647
2327;254152
2339;83202
2395;284150
6630;228215
2254;36753
6362;102271
2277;53371
5570;32536
160;27916
659;98164
6315;25372
1242;645102
647;27085
225;27339
6401;58932
1807;56712
4931;46262
6038;63676
1505;2975291
671;84703
990;34764
2007;38421
1702;86591
5791;90984
3996;28060
3358;113929
5606;31639
1545;28645
1572;135209
1742;26743
3340;136863
197;98851
2375;50526
4815;74190
1293;27614
3313;66150
5645;26901
3376;1068552
3291;584423
2093;189396
953;63629
6330;25552
6000;535195
6736;2446525
