[[1]]
        ymin      lower    middle     upper      ymax
1  4.0541405  7.1894884 13.361923 16.819295 16.820347
2  4.0857936  7.1852839 13.403420 16.819050 16.819587
3 -0.5286401  1.5321381  2.198026  6.391149  6.440727
4 -0.2148856 -0.1104937  0.723896  2.266692  2.275949
5 65.7626751 70.1992217 75.106152 82.077318 84.721367
6 72.0900660 77.9713454 81.066027 89.375626 90.834700
7 72.0901109 77.9828913 81.091182 89.375626 90.834700
8 75.2480821 76.9634812 80.261485 88.481341 90.834700
9 73.5292521 76.8745769 80.246451 88.481883 90.834700
                                                                                                                                                                                                                    outliers notchupper
1                                                                                                                         52.81805, 52.77769, 52.81805, 52.84193, 52.82756, 52.84193, 52.85312, 52.83906, 52.79049, 52.77769  15.513662
2                                                                                                                         52.83097, 52.80883, 52.83097, 52.82845, 52.78109, 52.82845, 52.78873, 52.78690, 52.81254, 52.80883  15.556044
3                                                                                                                         14.87695, 14.87235, 14.87174, 14.86488, 14.86731, 14.88358, 14.87471, 14.87246, 14.87087, 14.87457   3.283752
4 14.678945, 14.675539, 14.687229, 14.687717, 14.675489, 14.676574, 14.668309, 14.660492, 14.667499, 14.678194, -4.013108, -3.941115, -4.013108, -3.948524, -3.793278, -3.948524, -3.735817, -3.737429, -3.782801, -3.941115   1.255068
5                                                                                                                                                                                                                             77.760262
6                                                                                                                                                                                                                             83.614265
7                                                                                                                                                                                                                             83.636840
8                                                                                                                                                                                                                             82.835102
9                                                                                                                                                                                                                             82.840054
  notchlower x relvarwidth PANEL group xmin xmax xid newx new_width colour size linetype width alpha
1 11.2101833 1    7.071068     1     2  0.8  1.2   1    1       0.4  black  0.5        1   0.4    NA
2 11.2507956 2    7.071068     1     3  1.8  2.2   2    2       0.4  black  0.5        1   0.4    NA
3  1.1123009 3    7.071068     1     4  2.8  3.2   3    3       0.4  black  0.5        1   0.4    NA
4  0.1927238 4    7.071068     1     5  3.8  4.2   4    4       0.4  black  0.5        1   0.4    NA
5 72.4520419 1    7.071068     2     1  0.8  1.2   1    1       0.4  black  0.5        1   0.4    NA
6 78.5177894 2    7.071068     2     2  1.8  2.2   2    2       0.4  black  0.5        1   0.4    NA
7 78.5455243 3    7.071068     2     3  2.8  3.2   3    3       0.4  black  0.5        1   0.4    NA
8 77.6878685 4    7.071068     2     4  3.8  4.2   4    4       0.4  black  0.5        1   0.4    NA
9 77.6528480 5    7.071068     2     5  4.8  5.2   5    5       0.4  black  0.5        1   0.4    NA


[[3]]
       ymin      ymax x group         y PANEL  xmin  xmax colour size linetype width alpha
1 18.863399 18.863399 1     2 18.863399     1 0.625 1.375  black  0.5   dashed  0.75    NA
2 18.875224 18.875224 2     3 18.875224     1 1.625 2.375  black  0.5   dashed  0.75    NA
3  4.889423  4.889423 3     4  4.889423     1 2.625 3.375  black  0.5   dashed  0.75    NA
4  2.726013  2.726013 4     5  2.726013     1 3.625 4.375  black  0.5   dashed  0.75    NA
5 75.711905 75.711905 1     1 75.711905     2 0.625 1.375  black  0.5   dashed  0.75    NA
6 82.934828 82.934828 2     2 82.934828     2 1.625 2.375  black  0.5   dashed  0.75    NA
7 82.937213 82.937213 3     3 82.937213     2 2.625 3.375  black  0.5   dashed  0.75    NA
8 81.904476 81.904476 4     4 81.904476     2 3.625 4.375  black  0.5   dashed  0.75    NA
9 81.719495 81.719495 5     5 81.719495     2 4.625 5.375  black  0.5   dashed  0.75    NA